1735864156771 1.0235901785933452 0
1735864157387 0.6690601240033689 1
1735864158010 0.5472160064331864 2
1735864158628 0.44405096898908203 3
1735864159240 0.408196074159249 4
1735864159846 0.3149243483076925 5
1735864160455 0.2516335760769637 6
1735864161063 0.21108665479266125 7
1735864161669 0.19328834569972494 8
1735864162279 0.14354207852612372 9
1735864162887 0.11473464155974596 10
1735864163493 0.08626966453764749 11
1735864164102 0.06624959619796794 12
1735864164715 0.06360388713200456 13
1735864165331 0.05301669750200665 14
1735864165947 0.045784545090535415 15
1735864166560 0.03738645344729657 16
1735864167168 0.023098866333780083 17
1735864167774 0.017319276645455673 18
1735864168383 0.0146227081346771 19
1735864168997 0.012399267567240673 20
1735864169611 0.010844009989143713 21
1735864170224 0.009173673820560392 22
1735864170837 0.008521883222072021 23
