1735863942527 1.0235902070999146 0
1735863943145 0.6690601019755654 1
1735863943752 0.5472164251234221 2
1735863944362 0.4440496836019599 3
1735863944970 0.408194811447807 4
1735863945577 0.3149274432140848 5
1735863946179 0.25163497840580734 6
1735863946780 0.21109038137871286 7
1735863947381 0.19330043831597205 8
1735863947988 0.14354203495642412 9
1735863948598 0.11474217927974203 10
1735863949209 0.08626353351966194 11
1735863949813 0.06625252460008083 12
1735863950417 0.06361072194641051 13
1735863951030 0.0530277612902548 14
1735863951630 0.045755378497035606 15
1735863952232 0.03741421398666242 16
1735863952835 0.02307716659877611 17
1735863953436 0.017279404660929806 18
1735863954040 0.014652567632172419 19
1735863954647 0.012352502459417219 20
1735863955254 0.010841618717202673 21
1735863955853 0.009179575652208017 22
1735863956451 0.008562173836095177 23
